MARKER	0.058333	1.000000	1.000000	0.000000	1.000000	-0.453541	0.882635	0.123512	0.000000	-0.827000	-0.468451	0.310845	0.000000	0.332222	0.038836	0.942401	0.000000	-0.435960	-0.222938	-0.185405	1.000000
MARKER	0.058333	1.000000	1.000000	0.000000	1.000000	0.433412	0.794522	-0.425311	0.000000	-0.532254	-0.155159	-0.832245	0.000000	-0.727228	0.587078	0.355640	0.000000	-0.330340	-0.035656	-0.456552	1.000000
MARKER	0.058333	1.000000	1.000000	0.000000	1.000000	-0.859883	0.106356	-0.499288	0.000000	0.386184	-0.504123	-0.772478	0.000000	-0.333860	-0.857058	0.392414	0.000000	0.368706	-0.140715	-0.244917	1.000000
MARKER	0.058333	1.000000	1.000000	0.000000	1.000000	0.542837	0.643406	-0.539774	0.000000	-0.717707	0.021618	-0.696010	0.000000	-0.436148	0.765220	0.473512	0.000000	-0.291725	0.132401	-0.230321	1.000000
MARKER	0.058333	1.000000	1.000000	0.000000	1.000000	0.977289	-0.059906	0.203269	0.000000	-0.026871	-0.986500	-0.161541	0.000000	0.210202	0.152410	-0.965705	0.000000	0.018887	-0.208702	0.383212	1.000000
MARKER	0.058333	1.000000	1.000000	0.000000	1.000000	0.634555	0.593806	-0.494706	0.000000	-0.353187	-0.346549	-0.869001	0.000000	-0.687458	0.726153	-0.010180	0.000000	0.218741	-0.223305	-0.384610	1.000000
MARKER	0.058333	1.000000	1.000000	0.000000	1.000000	0.160096	0.634161	-0.756445	0.000000	-0.863542	0.461218	0.203897	0.000000	0.478189	0.620578	0.621464	0.000000	-0.465282	0.022240	-0.247317	1.000000
MARKER	0.058333	1.000000	1.000000	0.000000	1.000000	0.867572	-0.021746	0.496836	0.000000	-0.415069	0.518629	0.747490	0.000000	-0.273928	-0.854723	0.440922	0.000000	0.228631	0.423130	-0.017690	1.000000
MARKER	0.058333	1.000000	1.000000	0.000000	1.000000	0.184092	0.530912	0.827190	0.000000	-0.600392	-0.605586	0.522298	0.000000	0.778228	-0.592789	0.207271	0.000000	-0.321468	-0.023679	0.172713	1.000000
MARKER	0.058333	1.000000	1.000000	0.000000	1.000000	0.919005	-0.116520	0.376634	0.000000	-0.231996	0.612579	0.755596	0.000000	-0.318760	-0.781774	0.535931	0.000000	0.008931	0.478834	0.247185	1.000000
MARKER	0.058333	1.000000	1.000000	0.000000	1.000000	0.594207	0.029138	0.803784	0.000000	-0.420377	-0.840734	0.341247	0.000000	0.685712	-0.540663	-0.487321	0.000000	-0.042232	0.072625	0.332651	1.000000
MARKER	0.058333	1.000000	1.000000	0.000000	1.000000	-0.127284	0.462471	-0.877450	0.000000	-0.937604	0.232490	0.258547	0.000000	0.323569	0.855610	0.404023	0.000000	-0.030156	-0.054087	-0.117550	1.000000
MARKER	0.058333	1.000000	1.000000	0.000000	1.000000	0.802736	-0.594097	-0.051608	0.000000	-0.556331	-0.777240	0.293930	0.000000	-0.214734	-0.207237	-0.954433	0.000000	0.272131	0.020439	0.153500	1.000000
MARKER	0.058333	1.000000	1.000000	0.000000	1.000000	0.352989	-0.570773	-0.741362	0.000000	0.720756	0.671120	-0.173517	0.000000	0.596582	-0.473092	0.648286	0.000000	-0.366613	0.392450	-0.430804	1.000000
MARKER	0.058333	1.000000	1.000000	0.000000	1.000000	0.725129	0.621119	0.297321	0.000000	-0.097297	-0.335021	0.937173	0.000000	0.681705	-0.708500	-0.182501	0.000000	-0.263908	0.321196	0.128777	1.000000
MARKER	0.058333	1.000000	1.000000	0.000000	1.000000	-0.059222	0.957805	0.281253	0.000000	-0.043912	-0.283974	0.957826	0.000000	0.997279	0.044374	0.058877	0.000000	-0.226565	-0.012974	0.335977	1.000000
MARKER	0.058333	1.000000	1.000000	0.000000	1.000000	0.721092	0.015163	0.692673	0.000000	-0.360714	-0.845361	0.394019	0.000000	0.591533	-0.533981	-0.604114	0.000000	-0.200275	0.104646	0.440517	1.000000
MARKER	0.058333	1.000000	1.000000	0.000000	1.000000	-0.862294	0.506079	0.018265	0.000000	0.458098	0.764149	0.454117	0.000000	0.215862	0.399949	-0.890755	0.000000	-0.187536	-0.291058	0.270887	1.000000
MARKER	0.058333	1.000000	1.000000	0.000000	1.000000	0.842542	0.529846	-0.096887	0.000000	-0.355333	0.681939	0.639295	0.000000	0.404798	-0.504206	0.762834	0.000000	-0.320261	0.348305	-0.081417	1.000000
MARKER	0.058333	1.000000	1.000000	0.000000	1.000000	-0.935830	0.349906	-0.042274	0.000000	-0.351680	-0.934969	0.046415	0.000000	-0.023284	0.058304	0.998027	0.000000	0.100198	0.213990	-0.177963	1.000000
MARKER	0.058333	1.000000	1.000000	0.000000	1.000000	0.815757	0.223732	-0.533370	0.000000	-0.243852	-0.703159	-0.667910	0.000000	-0.524477	0.674916	-0.519049	0.000000	0.427244	-0.092057	-0.108549	1.000000
MARKER	0.058333	1.000000	1.000000	0.000000	1.000000	0.464848	-0.735848	-0.492386	0.000000	0.494661	-0.245392	0.833722	0.000000	-0.734321	-0.631119	0.249925	0.000000	0.319883	0.262341	-0.205964	1.000000
MARKER	0.058333	1.000000	1.000000	0.000000	1.000000	0.150288	-0.359640	-0.920909	0.000000	-0.581324	-0.785589	0.211924	0.000000	-0.799672	0.503497	-0.327132	0.000000	0.051609	-0.122835	0.004823	1.000000
MARKER	0.058333	1.000000	1.000000	0.000000	1.000000	-0.443938	0.890427	0.100296	0.000000	-0.843178	-0.452997	0.289560	0.000000	0.303266	0.043980	0.951891	0.000000	-0.390224	-0.255125	-0.141658	1.000000
MARKER	0.058333	1.000000	1.000000	0.000000	1.000000	0.142857	0.436352	0.888363	0.000000	-0.512408	-0.735309	0.443574	0.000000	0.846776	-0.518572	0.118546	0.000000	-0.362506	0.232524	0.049005	1.000000
MARKER	0.058333	1.000000	1.000000	0.000000	1.000000	0.164976	0.545096	0.821981	0.000000	-0.631678	-0.581654	0.512505	0.000000	0.757473	-0.603779	0.248366	0.000000	-0.262546	-0.060028	0.115501	1.000000
MARKER	0.058333	1.000000	1.000000	0.000000	1.000000	0.389931	0.785472	-0.480612	0.000000	-0.595965	-0.182616	-0.781970	0.000000	-0.701983	0.591342	0.396906	0.000000	-0.146957	-0.060552	-0.340351	1.000000
MARKER	0.058333	1.000000	1.000000	0.000000	1.000000	-0.543768	-0.733011	-0.408670	0.000000	0.057708	-0.518460	0.853152	0.000000	-0.837249	0.440333	0.324223	0.000000	0.286914	-0.196077	0.233239	1.000000
MARKER	0.058333	1.000000	1.000000	0.000000	1.000000	0.695074	-0.243663	-0.676388	0.000000	0.086712	-0.905534	0.415319	0.000000	-0.713690	-0.347328	-0.608285	0.000000	0.450573	0.379398	0.372463	1.000000
MARKER	0.058333	1.000000	1.000000	0.000000	1.000000	-0.386908	-0.135243	-0.912147	0.000000	-0.532524	-0.774790	0.340760	0.000000	-0.752808	0.617583	0.227752	0.000000	0.117460	0.031785	-0.140445	1.000000
MARKER	0.058333	1.000000	1.000000	0.000000	1.000000	-0.405189	-0.817764	-0.408760	0.000000	0.832551	-0.514782	0.204593	0.000000	-0.377731	-0.257415	0.889414	0.000000	0.435539	-0.279923	-0.266360	1.000000
MARKER	0.058333	1.000000	1.000000	0.000000	1.000000	0.244142	-0.326291	-0.913197	0.000000	-0.555311	-0.819047	0.144189	0.000000	-0.794999	0.471906	-0.381157	0.000000	-0.022925	-0.036109	0.089868	1.000000
MARKER	0.058333	1.000000	1.000000	0.000000	1.000000	0.749212	0.661533	-0.032474	0.000000	-0.460967	0.556015	0.691633	0.000000	0.475595	-0.503211	0.721518	0.000000	-0.052080	0.235591	-0.119214	1.000000
MARKER	0.058333	1.000000	1.000000	0.000000	1.000000	0.817209	0.184226	-0.546105	0.000000	-0.287689	-0.690657	-0.663497	0.000000	-0.499404	0.699324	-0.511412	0.000000	0.342930	-0.005204	0.012069	1.000000
MARKER	0.058333	1.000000	1.000000	0.000000	1.000000	0.891085	-0.067058	0.448854	0.000000	-0.355004	0.513160	0.781434	0.000000	-0.282735	-0.855670	0.433463	0.000000	0.015909	0.470338	-0.332433	1.000000
MARKER	0.058333	1.000000	1.000000	0.000000	1.000000	0.820079	0.475575	-0.318276	0.000000	0.140324	-0.706324	-0.693842	0.000000	-0.554779	0.524343	-0.645975	0.000000	-0.010696	-0.386559	-0.251757	1.000000
MARKER	0.058333	1.000000	1.000000	0.000000	1.000000	0.979765	0.079662	0.183615	0.000000	0.097797	-0.990953	-0.091913	0.000000	0.174632	0.108011	-0.978692	0.000000	0.005785	-0.463303	0.352280	1.000000
MARKER	0.058333	1.000000	1.000000	0.000000	1.000000	0.717241	0.290346	-0.633455	0.000000	-0.376716	-0.603197	-0.703021	0.000000	-0.586217	0.742868	-0.323259	0.000000	0.422117	-0.185051	0.463209	1.000000
MARKER	0.058333	1.000000	1.000000	0.000000	1.000000	0.914539	0.006347	0.404447	0.000000	-0.334764	0.573118	0.747977	0.000000	-0.227049	-0.819448	0.526264	0.000000	0.154144	0.394966	0.239537	1.000000
MARKER	0.058333	1.000000	1.000000	0.000000	1.000000	0.261484	0.735200	-0.625385	0.000000	-0.803627	-0.193045	-0.562954	0.000000	-0.534612	0.649780	0.540348	0.000000	0.090797	0.138895	-0.369936	1.000000
MARKER	0.058333	1.000000	1.000000	0.000000	1.000000	0.647254	0.077850	0.758288	0.000000	-0.404184	-0.808368	0.427992	0.000000	0.646295	-0.583508	-0.491754	0.000000	-0.115978	0.005558	0.363858	1.000000
MARKER	0.058333	1.000000	1.000000	0.000000	1.000000	0.193921	0.563207	0.803239	0.000000	-0.597789	-0.581369	0.551959	0.000000	0.777845	-0.587203	0.223939	0.000000	-0.368089	-0.039391	0.330484	1.000000
MARKER	0.058333	1.000000	1.000000	0.000000	1.000000	0.798830	0.375365	-0.470077	0.000000	-0.125187	-0.660593	-0.740233	0.000000	-0.588387	0.650168	-0.480710	0.000000	0.295904	-0.333426	-0.187147	1.000000
MARKER	0.058333	1.000000	1.000000	0.000000	1.000000	0.166140	0.527593	0.833092	0.000000	-0.498532	-0.683977	0.532580	0.000000	0.850801	-0.503806	0.149386	0.000000	-0.372342	0.149471	0.273009	1.000000
MARKER	0.058333	1.000000	1.000000	0.000000	1.000000	0.849560	0.511881	-0.127381	0.000000	-0.342989	0.719523	0.603858	0.000000	0.400757	-0.469324	0.786847	0.000000	-0.278671	0.466497	0.000990	1.000000
MARKER	0.058333	1.000000	1.000000	0.000000	1.000000	-0.917730	0.396118	-0.029354	0.000000	0.326140	0.793662	0.513549	0.000000	0.226723	0.461726	-0.857558	0.000000	-0.043807	-0.124938	0.311919	1.000000
MARKER	0.058333	1.000000	1.000000	0.000000	1.000000	0.704704	-0.202978	-0.679847	0.000000	0.109174	-0.915770	0.386582	0.000000	-0.701051	-0.346648	-0.623187	0.000000	0.425878	0.320037	0.392007	1.000000
MARKER	0.058333	1.000000	1.000000	0.000000	1.000000	0.525643	0.137918	-0.839451	0.000000	0.788593	-0.449127	0.420007	0.000000	-0.319094	-0.882759	-0.344841	0.000000	0.123786	0.040075	0.007018	1.000000
MARKER	0.058333	1.000000	1.000000	0.000000	1.000000	0.629715	0.600337	-0.493005	0.000000	-0.355999	-0.341057	-0.870026	0.000000	-0.690452	0.723378	-0.001050	0.000000	-0.007546	-0.272924	-0.223516	1.000000
MARKER	0.058333	1.000000	1.000000	0.000000	1.000000	0.684432	-0.113151	0.720243	0.000000	-0.409205	-0.877227	0.251046	0.000000	0.603410	-0.466550	-0.646704	0.000000	-0.225643	0.368249	0.345308	1.000000
MARKER	0.058333	1.000000	1.000000	0.000000	1.000000	0.937906	-0.040374	0.344532	0.000000	-0.247974	0.616493	0.747292	0.000000	-0.242573	-0.786325	0.568201	0.000000	-0.005975	0.389183	0.297745	1.000000
MARKER	0.058333	1.000000	1.000000	0.000000	1.000000	0.867290	0.301082	-0.396430	0.000000	-0.106449	-0.665771	-0.738524	0.000000	-0.486288	0.682714	-0.545367	0.000000	0.077056	-0.188264	-0.099583	1.000000
MARKER	0.058333	1.000000	1.000000	0.000000	1.000000	0.147209	0.509393	0.847849	0.000000	-0.564416	-0.660666	0.494930	0.000000	0.812259	-0.551398	0.190254	0.000000	-0.281981	0.015700	-0.050416	1.000000
MARKER	0.058333	1.000000	1.000000	0.000000	1.000000	0.864284	0.499915	-0.055670	0.000000	-0.351589	0.679553	0.643889	0.000000	0.359721	-0.536930	0.763091	0.000000	-0.374774	0.381382	-0.161461	1.000000
MARKER	0.058333	1.000000	1.000000	0.000000	1.000000	0.002468	-0.409296	-0.912398	0.000000	0.786888	-0.562241	0.254346	0.000000	-0.617091	-0.718583	0.320683	0.000000	0.311518	-0.047318	0.371642	1.000000
MARKER	0.058333	1.000000	1.000000	0.000000	1.000000	0.814212	0.316799	-0.486516	0.000000	-0.177546	-0.661982	-0.728188	0.000000	-0.552754	0.679278	-0.482747	0.000000	0.297340	-0.236656	-0.159671	1.000000
MARKER	0.058333	1.000000	1.000000	0.000000	1.000000	0.901488	0.022095	0.432239	0.000000	-0.382460	0.508147	0.771693	0.000000	-0.202591	-0.860987	0.466539	0.000000	0.054730	0.361871	-0.234147	1.000000
MARKER	0.058333	1.000000	1.000000	0.000000	1.000000	0.870951	0.474951	-0.125962	0.000000	-0.308414	0.727960	0.612336	0.000000	0.382525	-0.494466	0.780499	0.000000	-0.372846	0.459306	-0.004040	1.000000
MARKER	0.058333	1.000000	1.000000	0.000000	1.000000	0.747693	0.335124	-0.573277	0.000000	-0.281763	-0.621632	-0.730879	0.000000	-0.601302	0.708001	-0.370364	0.000000	0.379705	-0.268166	0.316181	1.000000
MARKER	0.058333	1.000000	1.000000	0.000000	1.000000	0.836286	0.007915	0.548236	0.000000	-0.481293	0.489573	0.727101	0.000000	-0.262646	-0.871927	0.413232	0.000000	0.335895	0.407689	-0.039915	1.000000
MARKER	0.058333	1.000000	1.000000	0.000000	1.000000	0.735634	0.438760	-0.516075	0.000000	-0.141484	-0.645540	-0.750507	0.000000	-0.662439	0.625114	-0.412803	0.000000	0.448657	-0.473000	-0.146813	1.000000
MARKER	0.058333	1.000000	1.000000	0.000000	1.000000	0.545193	-0.020492	0.838060	0.000000	-0.447708	-0.852311	0.270413	0.000000	0.708747	-0.522633	-0.473848	0.000000	0.018567	0.134720	0.301213	1.000000
MARKER	0.058333	1.000000	1.000000	0.000000	1.000000	0.625891	0.525896	-0.575929	0.000000	-0.433966	-0.378741	-0.817452	0.000000	-0.648023	0.761570	-0.008830	0.000000	0.389463	-0.050758	-0.459606	1.000000
MARKER	0.058333	1.000000	1.000000	0.000000	1.000000	0.399554	0.629066	-0.666807	0.000000	-0.768389	-0.166868	-0.617846	0.000000	-0.499935	0.759230	0.416695	0.000000	-0.084157	0.284750	-0.329623	1.000000
MARKER	0.058333	1.000000	1.000000	0.000000	1.000000	0.151367	0.437365	0.886453	0.000000	-0.513938	-0.731222	0.448534	0.000000	0.844367	-0.523475	0.114096	0.000000	-0.368665	0.228098	-0.094981	1.000000
MARKER	0.058333	1.000000	1.000000	0.000000	1.000000	0.921939	0.019865	0.386825	0.000000	-0.337283	0.532200	0.776533	0.000000	-0.190443	-0.846385	0.497356	0.000000	0.051592	0.371206	-0.128020	1.000000
MARKER	0.058333	1.000000	1.000000	0.000000	1.000000	0.623677	0.646956	-0.438719	0.000000	-0.298098	-0.321987	-0.898589	0.000000	-0.722610	0.691211	-0.007959	0.000000	0.023766	-0.323351	-0.480713	1.000000
MARKER	0.058333	1.000000	1.000000	0.000000	1.000000	0.548441	0.642854	-0.534744	0.000000	-0.716212	0.031082	-0.697190	0.000000	-0.431571	0.765358	0.477466	0.000000	-0.293171	0.160761	-0.288381	1.000000
MARKER	0.058333	1.000000	1.000000	0.000000	1.000000	0.375680	-0.507160	-0.775663	0.000000	0.697287	0.706003	-0.123893	0.000000	0.610455	-0.494316	0.618868	0.000000	-0.413626	0.277297	-0.386905	1.000000
MARKER	0.058333	1.000000	1.000000	0.000000	1.000000	0.222460	-0.692174	-0.686591	0.000000	-0.525413	-0.678337	0.513615	0.000000	-0.821250	0.246485	-0.514580	0.000000	0.329993	-0.003854	-0.194110	1.000000
MARKER	0.058333	1.000000	1.000000	0.000000	1.000000	0.830255	0.104404	0.547519	0.000000	-0.524929	0.476757	0.705090	0.000000	-0.187420	-0.872813	0.450635	0.000000	0.373903	0.297154	-0.010795	1.000000
MARKER	0.058333	1.000000	1.000000	0.000000	1.000000	-0.940201	0.339882	0.022403	0.000000	0.302727	0.803649	0.512352	0.000000	0.156135	0.488496	-0.858483	0.000000	-0.046968	-0.048833	0.254738	1.000000
MARKER	0.058333	1.000000	1.000000	0.000000	1.000000	0.129346	0.492841	0.860452	0.000000	-0.502027	-0.715766	0.485436	0.000000	0.855125	-0.494759	0.154838	0.000000	-0.341986	0.158455	0.114351	1.000000
MARKER	0.058333	1.000000	1.000000	0.000000	1.000000	0.670880	-0.080225	0.737213	0.000000	-0.413173	-0.865967	0.281761	0.000000	0.615798	-0.493625	-0.614107	0.000000	-0.128411	0.209659	0.429751	1.000000
MARKER	0.058333	1.000000	1.000000	0.000000	1.000000	-0.139589	0.623097	0.769587	0.000000	-0.593045	0.569786	-0.568895	0.000000	-0.792977	-0.535811	0.289989	0.000000	0.195167	0.075835	-0.172207	1.000000
MARKER	0.058333	1.000000	1.000000	0.000000	1.000000	0.734327	-0.270999	-0.622354	0.000000	0.068117	-0.882802	0.464781	0.000000	-0.675370	-0.383694	-0.629805	0.000000	0.320275	0.466201	0.279188	1.000000
MARKER	0.058333	1.000000	1.000000	0.000000	1.000000	0.535111	0.123625	-0.835687	0.000000	0.781611	-0.447793	0.434241	0.000000	-0.320532	-0.885550	-0.336246	0.000000	0.224139	0.071263	-0.024500	1.000000
MARKER	0.058333	1.000000	1.000000	0.000000	1.000000	0.488572	0.804082	-0.338746	0.000000	-0.486553	-0.071194	-0.870746	0.000000	-0.724268	0.590240	0.356445	0.000000	-0.443452	-0.201754	-0.468530	1.000000
MARKER	0.058333	1.000000	1.000000	0.000000	1.000000	0.745580	0.479513	-0.462793	0.000000	0.019229	-0.709642	-0.704300	0.000000	-0.666138	0.516213	-0.538315	0.000000	0.022267	-0.389417	0.112358	1.000000
MARKER	0.058333	1.000000	1.000000	0.000000	1.000000	0.647128	-0.173199	0.742447	0.000000	-0.453801	-0.870046	0.192575	0.000000	0.612609	-0.461543	-0.641629	0.000000	-0.128273	0.410693	0.357655	1.000000
MARKER	0.058333	1.000000	1.000000	0.000000	1.000000	0.670158	0.509074	-0.540123	0.000000	-0.421300	-0.338212	-0.841498	0.000000	-0.611060	0.791490	-0.012183	0.000000	0.265399	-0.073484	-0.359630	1.000000
MARKER	0.058333	1.000000	1.000000	0.000000	1.000000	0.109555	-0.731462	-0.673024	0.000000	-0.506601	0.541466	-0.670947	0.000000	0.855192	0.414460	-0.311239	0.000000	-0.385799	-0.292931	0.419919	1.000000
MARKER	0.058333	1.000000	1.000000	0.000000	1.000000	0.943274	-0.056053	0.327249	0.000000	-0.015763	-0.992095	-0.124494	0.000000	0.331641	0.112273	-0.936701	0.000000	0.071633	-0.294589	0.194344	1.000000
MARKER	0.058333	1.000000	1.000000	0.000000	1.000000	0.818233	0.000806	0.574886	0.000000	-0.505126	0.478468	0.718273	0.000000	-0.274486	-0.878104	0.391906	0.000000	0.313306	0.388320	-0.191619	1.000000
MARKER	0.058333	1.000000	1.000000	0.000000	1.000000	0.279327	0.500748	0.819285	0.000000	-0.557501	-0.610119	0.562980	0.000000	0.781773	-0.614008	0.108745	0.000000	-0.468837	0.045221	0.271433	1.000000
MARKER	0.058333	1.000000	1.000000	0.000000	1.000000	0.020426	0.972561	0.231749	0.000000	-0.084298	-0.229296	0.969699	0.000000	0.996231	-0.039343	0.077301	0.000000	-0.384759	0.026667	0.432780	1.000000
MARKER	0.058333	1.000000	1.000000	0.000000	1.000000	0.230792	0.485547	0.843196	0.000000	-0.559638	-0.642662	0.523251	0.000000	0.795953	-0.592646	0.123409	0.000000	-0.443240	0.060905	-0.138835	1.000000
MARKER	0.058333	1.000000	1.000000	0.000000	1.000000	0.924829	0.131454	0.356947	0.000000	0.159789	-0.985836	-0.050946	0.000000	0.345194	0.104152	-0.932734	0.000000	-0.384967	-0.339608	0.105893	1.000000
MARKER	0.058333	1.000000	1.000000	0.000000	1.000000	-0.049063	0.452336	-0.890497	0.000000	-0.967308	0.200584	0.155183	0.000000	0.248814	0.868999	0.427707	0.000000	-0.196114	-0.037698	-0.053645	1.000000
MARKER	0.058333	1.000000	1.000000	0.000000	1.000000	0.137582	0.567822	0.811572	0.000000	-0.572068	-0.623333	0.533099	0.000000	0.808585	-0.537619	0.239073	0.000000	-0.273039	-0.078435	0.022558	1.000000
MARKER	0.058333	1.000000	1.000000	0.000000	1.000000	0.982069	0.067282	-0.176107	0.000000	0.159544	-0.794264	0.586251	0.000000	-0.100432	-0.603835	-0.790757	0.000000	0.022906	0.433093	0.227222	1.000000
MARKER	0.058333	1.000000	1.000000	0.000000	1.000000	0.526598	-0.707720	-0.470985	0.000000	0.500443	-0.189785	0.844712	0.000000	-0.687205	-0.680525	0.254233	0.000000	0.201336	0.203592	-0.259495	1.000000
MARKER	0.058333	1.000000	1.000000	0.000000	1.000000	0.079326	-0.816288	-0.572172	0.000000	0.553312	-0.441388	0.706415	0.000000	-0.829188	-0.372627	0.416648	0.000000	0.279523	0.148727	-0.453954	1.000000
MARKER	0.058333	1.000000	1.000000	0.000000	1.000000	-0.638623	0.710954	0.294457	0.000000	-0.036776	-0.410411	0.911159	0.000000	0.768641	0.571058	0.288244	0.000000	0.006712	-0.155547	0.184799	1.000000
MARKER	0.058333	1.000000	1.000000	0.000000	1.000000	0.580477	0.607760	-0.541918	0.000000	-0.413862	-0.352944	-0.839136	0.000000	-0.701259	0.711378	0.046653	0.000000	0.329015	-0.210437	-0.428413	1.000000
MARKER	0.058333	1.000000	1.000000	0.000000	1.000000	0.335260	0.721456	-0.605890	0.000000	-0.780943	-0.146928	-0.607075	0.000000	-0.527000	0.676693	0.514157	0.000000	0.064960	0.044078	-0.218497	1.000000
MARKER	0.058333	1.000000	1.000000	0.000000	1.000000	0.683523	-0.150657	0.714212	0.000000	-0.432874	-0.871503	0.230438	0.000000	0.587721	-0.466673	-0.660908	0.000000	-0.160621	0.337725	0.428240	1.000000
MARKER	0.058333	1.000000	1.000000	0.000000	1.000000	0.694773	0.486251	-0.529953	0.000000	-0.029325	-0.717070	-0.696384	0.000000	-0.718631	0.499370	-0.483942	0.000000	0.117488	-0.374934	0.185301	1.000000
MARKER	0.058333	1.000000	1.000000	0.000000	1.000000	-0.486413	0.566819	-0.664920	0.000000	-0.820426	-0.558041	0.124463	0.000000	-0.300505	0.606058	0.736472	0.000000	-0.111667	-0.198920	0.032618	1.000000
MARKER	0.058333	1.000000	1.000000	0.000000	1.000000	0.740678	-0.662974	-0.108911	0.000000	-0.615439	-0.734527	0.285839	0.000000	-0.269502	-0.144687	-0.952068	0.000000	0.326849	0.199606	0.220417	1.000000
MARKER	0.058333	1.000000	1.000000	0.000000	1.000000	0.248353	0.848708	-0.466922	0.000000	-0.653679	-0.208886	-0.727372	0.000000	-0.714860	0.485862	0.502905	0.000000	0.074677	-0.175343	-0.370379	1.000000
MARKER	0.058333	1.000000	1.000000	0.000000	1.000000	0.751518	-0.288984	-0.593050	0.000000	-0.000508	-0.899206	0.437525	0.000000	-0.659712	-0.328506	-0.675917	0.000000	0.478016	0.371042	0.178431	1.000000
MARKER	0.058333	1.000000	1.000000	0.000000	1.000000	0.911408	-0.065611	0.406239	0.000000	-0.299851	0.570215	0.764817	0.000000	-0.281823	-0.818871	0.500025	0.000000	0.074433	0.464585	0.161818	1.000000
MARKER	0.058333	1.000000	1.000000	0.000000	1.000000	0.502932	0.651453	-0.568038	0.000000	-0.459424	-0.355185	-0.814109	0.000000	-0.732113	0.670412	0.120659	0.000000	0.295260	-0.320505	-0.359156	1.000000
MARKER	0.058333	1.000000	1.000000	0.000000	1.000000	0.919883	-0.028607	0.391148	0.000000	-0.315121	0.539828	0.780567	0.000000	-0.233482	-0.841289	0.487564	0.000000	0.020036	0.425009	-0.168425	1.000000
MARKER	0.058333	1.000000	1.000000	0.000000	1.000000	0.813249	0.388006	-0.433680	0.000000	-0.106278	-0.633693	-0.766250	0.000000	-0.572129	0.669242	-0.474113	0.000000	0.184484	-0.339834	-0.014064	1.000000
MARKER	0.058333	1.000000	1.000000	0.000000	1.000000	0.897074	0.021496	0.441356	0.000000	-0.397258	0.476625	0.784229	0.000000	-0.193504	-0.878844	0.436108	0.000000	0.005639	0.349266	-0.348793	1.000000
MARKER	0.058333	1.000000	1.000000	0.000000	1.000000	0.284997	-0.291236	-0.913213	0.000000	-0.529780	-0.841840	0.103139	0.000000	-0.798817	0.454408	-0.394214	0.000000	-0.117074	-0.054319	0.139072	1.000000
MARKER	0.058333	1.000000	1.000000	0.000000	1.000000	-0.006085	-0.828372	-0.560146	0.000000	0.574626	-0.461333	0.676000	0.000000	-0.818393	-0.317761	0.478811	0.000000	0.368146	0.313304	-0.434707	1.000000
MARKER	0.058333	1.000000	1.000000	0.000000	1.000000	0.775370	-0.248989	-0.580350	0.000000	0.027782	-0.904653	0.425243	0.000000	-0.630896	-0.345844	-0.694523	0.000000	0.410893	0.309486	0.169782	1.000000
MARKER	0.058333	1.000000	1.000000	0.000000	1.000000	0.947809	0.122471	0.294379	0.000000	0.139487	-0.989516	-0.037432	0.000000	0.286709	0.076540	-0.954955	0.000000	-0.177417	-0.391657	0.185422	1.000000
MARKER	0.058333	1.000000	1.000000	0.000000	1.000000	0.949670	0.176325	0.258913	0.000000	0.185116	-0.982668	-0.009772	0.000000	0.252702	0.057209	-0.965851	0.000000	-0.280231	-0.457912	0.218357	1.000000
MARKER	0.058333	1.000000	1.000000	0.000000	1.000000	0.475496	0.761317	-0.440794	0.000000	-0.529947	-0.152054	-0.834288	0.000000	-0.702182	0.630298	0.331157	0.000000	-0.385953	0.007579	-0.441424	1.000000
MARKER	0.058333	1.000000	1.000000	0.000000	1.000000	0.521022	0.574426	-0.631324	0.000000	-0.739673	-0.065235	-0.669797	0.000000	-0.425933	0.815953	0.390899	0.000000	-0.254373	0.290001	-0.234768	1.000000
MARKER	0.058333	1.000000	1.000000	0.000000	1.000000	0.984674	-0.041264	0.169452	0.000000	-0.009942	-0.983308	-0.181679	0.000000	0.174120	0.177209	-0.968648	0.000000	0.177279	-0.316089	0.476978	1.000000
MARKER	0.058333	1.000000	1.000000	0.000000	1.000000	0.222050	-0.755483	-0.616393	0.000000	-0.541539	-0.621261	0.566365	0.000000	-0.810820	0.208039	-0.547074	0.000000	0.305807	0.135186	-0.326696	1.000000
MARKER	0.058333	1.000000	1.000000	0.000000	1.000000	0.350504	0.819660	-0.453105	0.000000	-0.613342	-0.164729	-0.772448	0.000000	-0.707784	0.548655	0.444994	0.000000	-0.081648	-0.162497	-0.346468	1.000000
MARKER	0.058333	1.000000	1.000000	0.000000	1.000000	0.197748	-0.689969	-0.696304	0.000000	-0.527537	-0.673602	0.517654	0.000000	-0.826197	0.264961	-0.497187	0.000000	0.331155	0.095646	-0.108428	1.000000
MARKER	0.058333	1.000000	1.000000	0.000000	1.000000	0.091624	0.644403	0.759177	0.000000	-0.624805	-0.556436	0.547720	0.000000	0.775386	-0.524522	0.351644	0.000000	-0.162327	-0.194034	0.119429	1.000000
MARKER	0.058333	1.000000	1.000000	0.000000	1.000000	0.541550	0.663133	-0.516699	0.000000	-0.709599	0.031016	-0.703922	0.000000	-0.450768	0.747858	0.487356	0.000000	-0.295130	0.078036	-0.217548	1.000000
MARKER	0.058333	1.000000	1.000000	0.000000	1.000000	0.856580	0.103148	0.505600	0.000000	-0.485020	0.495405	0.720645	0.000000	-0.176144	-0.862516	0.474382	0.000000	0.201708	0.206525	-0.102367	1.000000
MARKER	0.058333	1.000000	1.000000	0.000000	1.000000	0.719752	0.419900	0.552848	0.000000	0.020068	-0.808597	0.588021	0.000000	0.693941	-0.412135	-0.590416	0.000000	-0.356938	0.439125	0.162415	1.000000
MARKER	0.058333	1.000000	1.000000	0.000000	1.000000	0.893899	0.110640	0.434401	0.000000	-0.417818	0.556711	0.717984	0.000000	-0.162398	-0.823305	0.543871	0.000000	0.131987	0.169361	0.027248	1.000000
MARKER	0.058333	1.000000	1.000000	0.000000	1.000000	-0.511090	0.857483	0.059246	0.000000	-0.815577	-0.505562	0.281499	0.000000	0.271333	0.095551	0.957731	0.000000	-0.279481	-0.161772	-0.065577	1.000000
MARKER	0.058333	1.000000	1.000000	0.000000	1.000000	0.820543	0.339355	-0.459943	0.000000	-0.151224	-0.647117	-0.747242	0.000000	-0.551217	0.682698	-0.479669	0.000000	0.204605	-0.292063	0.126355	1.000000
MARKER	0.058333	1.000000	1.000000	0.000000	1.000000	0.766893	-0.635746	-0.087768	0.000000	-0.595545	-0.755928	0.271842	0.000000	-0.239168	-0.156204	-0.958331	0.000000	0.257969	0.241537	0.190086	1.000000
MARKER	0.058333	1.000000	1.000000	0.000000	1.000000	-0.478144	0.172090	-0.861257	0.000000	0.332192	0.943203	0.004041	0.000000	0.813036	-0.284171	-0.508153	0.000000	-0.127280	0.170560	0.031315	1.000000
MARKER	0.058333	1.000000	1.000000	0.000000	1.000000	-0.146298	0.778846	0.609914	0.000000	-0.438707	0.501521	-0.745663	0.000000	-0.886641	-0.376663	0.268314	0.000000	0.073292	0.008129	0.150030	1.000000
MARKER	0.058333	1.000000	1.000000	0.000000	1.000000	0.767663	-0.039042	-0.639664	0.000000	0.564639	0.513309	0.646295	0.000000	0.303113	-0.857315	0.416093	0.000000	-0.163575	0.410511	-0.044041	1.000000
MARKER	0.058333	1.000000	1.000000	0.000000	1.000000	0.731474	0.207663	-0.649478	0.000000	-0.412922	-0.623082	-0.664277	0.000000	-0.542624	0.754085	-0.370020	0.000000	0.461269	-0.032331	0.340453	1.000000
MARKER	0.058333	1.000000	1.000000	0.000000	1.000000	0.975582	0.090677	0.200043	0.000000	0.106273	-0.991965	-0.068634	0.000000	0.192212	0.088218	-0.977380	0.000000	-0.151531	-0.384297	0.317515	1.000000
MARKER	0.058333	1.000000	1.000000	0.000000	1.000000	-0.589810	0.502622	-0.632056	0.000000	-0.766274	-0.595350	0.241625	0.000000	-0.254849	0.626841	0.736289	0.000000	-0.126852	-0.082523	-0.108627	1.000000
MARKER	0.058333	1.000000	1.000000	0.000000	1.000000	0.742793	0.534149	-0.403662	0.000000	0.140695	-0.713981	-0.685883	0.000000	-0.654571	0.452676	-0.605492	0.000000	-0.034424	-0.457912	-0.000647	1.000000
MARKER	0.058333	1.000000	1.000000	0.000000	1.000000	-0.521037	0.582361	-0.624000	0.000000	-0.810296	-0.567230	0.147213	0.000000	-0.268220	0.582328	0.767432	0.000000	-0.248372	-0.209911	-0.111209	1.000000
MARKER	0.058333	1.000000	1.000000	0.000000	1.000000	0.883951	0.032933	0.466418	0.000000	-0.420894	0.490531	0.763039	0.000000	-0.203663	-0.870801	0.447466	0.000000	0.077189	0.353890	-0.290029	1.000000
MARKER	0.058333	1.000000	1.000000	0.000000	1.000000	0.208689	0.798313	-0.564929	0.000000	-0.706460	-0.276396	-0.651552	0.000000	-0.676287	0.535072	0.506295	0.000000	0.121565	0.057084	-0.447952	1.000000
MARKER	0.058333	1.000000	1.000000	0.000000	1.000000	0.712921	0.437275	0.548210	0.000000	0.034808	-0.802870	0.595137	0.000000	0.700379	-0.405203	-0.587604	0.000000	-0.446523	0.387614	0.019127	1.000000
MARKER	0.058333	1.000000	1.000000	0.000000	1.000000	0.800053	0.514644	-0.308313	0.000000	-0.396253	0.839174	0.372518	0.000000	0.450442	-0.175864	0.875313	0.000000	-0.024044	0.348408	-0.022630	1.000000
MARKER	0.058333	1.000000	1.000000	0.000000	1.000000	0.515867	0.032385	0.856056	0.000000	-0.363588	-0.896541	0.253018	0.000000	0.775684	-0.441775	-0.450721	0.000000	-0.078773	0.283949	0.017672	1.000000
MARKER	0.058333	1.000000	1.000000	0.000000	1.000000	0.453829	0.602856	-0.656204	0.000000	-0.771162	-0.103269	-0.628207	0.000000	-0.446484	0.791138	0.418033	0.000000	-0.149340	0.270216	-0.252143	1.000000
MARKER	0.058333	1.000000	1.000000	0.000000	1.000000	0.837240	0.437941	-0.327470	0.000000	-0.343287	0.887071	0.308641	0.000000	0.425655	-0.145990	0.893031	0.000000	-0.064934	0.475580	0.017282	1.000000
MARKER	0.058333	1.000000	1.000000	0.000000	1.000000	0.796670	-0.602776	-0.044474	0.000000	-0.568336	-0.772126	0.284281	0.000000	-0.205698	-0.201202	-0.957709	0.000000	0.256418	0.100234	0.137759	1.000000
MARKER	0.058333	1.000000	1.000000	0.000000	1.000000	0.579283	0.557693	-0.594483	0.000000	-0.470182	-0.367142	-0.802580	0.000000	-0.665853	0.744437	0.049538	0.000000	0.447628	-0.124335	-0.263148	1.000000
MARKER	0.058333	1.000000	1.000000	0.000000	1.000000	-0.083634	0.384421	-0.919361	0.000000	-0.948773	0.251373	0.191419	0.000000	0.304689	0.888275	0.343705	0.000000	-0.011483	0.017172	0.013433	1.000000
MARKER	0.058333	1.000000	1.000000	0.000000	1.000000	-0.878921	0.475128	-0.041843	0.000000	0.392463	0.770270	0.502650	0.000000	0.271054	0.425368	-0.863477	0.000000	-0.091495	-0.266234	0.336143	1.000000
MARKER	0.058333	1.000000	1.000000	0.000000	1.000000	0.939558	0.142898	0.311145	0.000000	0.155566	-0.987694	-0.016146	0.000000	0.305009	0.063573	-0.950225	0.000000	-0.251481	-0.386013	0.160425	1.000000
MARKER	0.058333	1.000000	1.000000	0.000000	1.000000	0.286027	0.695989	-0.658626	0.000000	-0.795652	-0.210519	-0.567996	0.000000	-0.533972	0.686499	0.493551	0.000000	0.052831	0.199464	-0.354514	1.000000
MARKER	0.058333	1.000000	1.000000	0.000000	1.000000	0.824295	0.288324	-0.487244	0.000000	-0.201634	-0.654679	-0.728518	0.000000	-0.529038	0.698759	-0.481513	0.000000	0.227072	-0.187515	0.150663	1.000000
MARKER	0.058333	1.000000	1.000000	0.000000	1.000000	0.073498	-0.708645	-0.701727	0.000000	-0.473692	0.594387	-0.649861	0.000000	0.877618	0.380166	-0.291993	0.000000	-0.346402	-0.383334	0.418124	1.000000
MARKER	0.058333	1.000000	1.000000	0.000000	1.000000	0.054355	0.608306	0.791839	0.000000	-0.583096	-0.624416	0.519715	0.000000	0.810583	-0.489968	0.320761	0.000000	-0.171567	-0.116616	0.253723	1.000000
MARKER	0.058333	1.000000	1.000000	0.000000	1.000000	0.789051	0.442664	-0.425965	0.000000	0.039542	-0.728544	-0.683857	0.000000	-0.613053	0.522755	-0.592362	0.000000	-0.029687	-0.324725	0.010113	1.000000
MARKER	0.058333	1.000000	1.000000	0.000000	1.000000	0.717702	0.486330	-0.498384	0.000000	-0.358457	-0.355577	-0.863176	0.000000	-0.597003	0.798153	-0.080869	0.000000	0.155344	-0.029865	-0.472489	1.000000
MARKER	0.058333	1.000000	1.000000	0.000000	1.000000	0.874375	0.318387	-0.366193	0.000000	-0.063980	-0.672418	-0.737401	0.000000	-0.481014	0.668194	-0.567575	0.000000	0.048881	-0.209141	-0.132848	1.000000
MARKER	0.058333	1.000000	1.000000	0.000000	1.000000	0.373868	0.758360	-0.533960	0.000000	-0.623561	-0.220654	-0.749989	0.000000	-0.686582	0.613354	0.390388	0.000000	-0.136496	0.022072	-0.351736	1.000000
MARKER	0.058333	1.000000	1.000000	0.000000	1.000000	0.801127	0.583721	-0.132161	0.000000	-0.400811	0.687258	0.605828	0.000000	0.444463	-0.432373	0.784542	0.000000	-0.165152	0.325314	-0.014590	1.000000
MARKER	0.058333	1.000000	1.000000	0.000000	1.000000	0.221069	0.612783	0.758700	0.000000	-0.585016	-0.539118	0.605894	0.000000	0.780310	-0.577796	0.239305	0.000000	-0.388791	-0.177174	0.070150	1.000000
MARKER	0.058333	1.000000	1.000000	0.000000	1.000000	0.597714	0.536211	-0.596000	0.000000	-0.466374	-0.372123	-0.802508	0.000000	-0.652099	0.757629	0.027652	0.000000	0.427343	-0.078725	-0.330265	1.000000
MARKER	0.058333	1.000000	1.000000	0.000000	1.000000	0.313657	0.752202	-0.579492	0.000000	-0.782346	-0.141128	-0.606644	0.000000	-0.538101	0.643642	0.544217	0.000000	0.096139	0.001098	-0.263221	1.000000
MARKER	0.058333	1.000000	1.000000	0.000000	1.000000	0.383671	0.643309	-0.662534	0.000000	-0.098393	0.741832	0.663328	0.000000	0.918213	-0.189311	0.347916	0.000000	-0.329538	0.025437	-0.329208	1.000000
MARKER	0.058333	1.000000	1.000000	0.000000	1.000000	0.209018	0.541273	0.814454	0.000000	-0.549551	-0.623888	0.555660	0.000000	0.808891	-0.563727	0.167053	0.000000	-0.417240	-0.028596	-0.154246	1.000000
MARKER	0.058333	1.000000	1.000000	0.000000	1.000000	0.537976	0.662106	-0.521726	0.000000	-0.422464	-0.323813	-0.846563	0.000000	-0.729456	0.675841	0.105512	0.000000	0.474145	-0.337192	-0.370593	1.000000
MARKER	0.058333	1.000000	1.000000	0.000000	1.000000	0.836272	0.461210	-0.296539	0.000000	0.126326	-0.688330	-0.714313	0.000000	-0.533565	0.559900	-0.633893	0.000000	-0.241610	-0.442820	-0.099997	1.000000
MARKER	0.058333	1.000000	1.000000	0.000000	1.000000	0.941693	0.147361	0.302486	0.000000	0.163592	-0.986105	-0.028893	0.000000	0.294026	0.076693	-0.952716	0.000000	-0.373043	-0.376097	0.171382	1.000000
MARKER	0.058333	1.000000	1.000000	0.000000	1.000000	-0.108765	0.202783	-0.973165	0.000000	-0.079232	0.974089	0.211831	0.000000	0.990905	0.100145	-0.089880	0.000000	-0.418350	0.327306	0.296486	1.000000
MARKER	0.058333	1.000000	1.000000	0.000000	1.000000	-0.445394	-0.040454	-0.894420	0.000000	-0.882232	0.190107	0.430726	0.000000	0.152611	0.980929	-0.120363	0.000000	-0.007656	-0.115055	-0.130156	1.000000
MARKER	0.058333	1.000000	1.000000	0.000000	1.000000	-0.176243	0.668925	0.722134	0.000000	-0.637290	-0.636653	0.434206	0.000000	0.750200	-0.383683	0.538505	0.000000	-0.147409	0.480597	-0.320286	1.000000
MARKER	0.058333	1.000000	1.000000	0.000000	1.000000	0.783031	0.299782	-0.544972	0.000000	-0.269836	-0.625707	-0.731901	0.000000	-0.560403	0.720154	-0.409056	0.000000	0.346973	-0.194723	0.212851	1.000000
MARKER	0.058333	1.000000	1.000000	0.000000	1.000000	0.989506	-0.027245	0.141897	0.000000	-0.003759	-0.986583	-0.163217	0.000000	0.144440	0.160971	-0.976333	0.000000	-0.242523	-0.144446	0.454667	1.000000
MARKER	0.058333	1.000000	1.000000	0.000000	1.000000	0.834910	-0.063805	0.546676	0.000000	-0.454326	0.480749	0.749979	0.000000	-0.310666	-0.874534	0.372394	0.000000	0.205564	0.474425	-0.304467	1.000000
MARKER	0.058333	1.000000	1.000000	0.000000	1.000000	-0.099855	0.768564	0.631932	0.000000	-0.985867	0.009442	-0.167265	0.000000	-0.134520	-0.639703	0.756759	0.000000	-0.035603	0.352901	-0.256491	1.000000
MARKER	0.058333	1.000000	1.000000	0.000000	1.000000	0.352100	-0.498938	-0.791888	0.000000	0.717261	0.687386	-0.114177	0.000000	0.601300	-0.527789	0.599897	0.000000	-0.424869	0.248600	-0.309973	1.000000
MARKER	0.058333	1.000000	1.000000	0.000000	1.000000	0.322321	0.813438	-0.484177	0.000000	-0.595234	-0.223553	-0.771830	0.000000	-0.736075	0.536975	0.412130	0.000000	-0.065089	-0.069735	-0.368075	1.000000
MARKER	0.058333	1.000000	1.000000	0.000000	1.000000	0.737738	0.410738	0.535758	0.000000	0.018566	-0.805658	0.592089	0.000000	0.674832	-0.426860	-0.601991	0.000000	-0.460368	0.435617	0.092107	1.000000
MARKER	0.058333	1.000000	1.000000	0.000000	1.000000	-0.001289	-0.824912	-0.565259	0.000000	0.573045	-0.463853	0.675618	0.000000	-0.819523	-0.323048	0.473310	0.000000	0.379461	0.198586	-0.428679	1.000000
MARKER	0.058333	1.000000	1.000000	0.000000	1.000000	0.021632	-0.963139	-0.268133	0.000000	0.459639	-0.228591	0.858183	0.000000	-0.887842	-0.141808	0.437751	0.000000	0.398397	0.155433	-0.337783	1.000000
MARKER	0.058333	1.000000	1.000000	0.000000	1.000000	0.825351	0.488434	-0.283245	0.000000	-0.383004	0.852915	0.354746	0.000000	0.414854	-0.184306	0.891026	0.000000	-0.064572	0.374059	-0.041852	1.000000
MARKER	0.058333	1.000000	1.000000	0.000000	1.000000	0.713562	-0.640194	-0.284570	0.000000	-0.578882	-0.767561	0.275220	0.000000	-0.394619	-0.031654	-0.918299	0.000000	0.307568	0.270339	0.471385	1.000000
MARKER	0.058333	1.000000	1.000000	0.000000	1.000000	0.854167	0.107568	0.508752	0.000000	-0.491865	0.484591	0.723354	0.000000	-0.168727	-0.868102	0.466830	0.000000	0.316512	0.288994	0.014397	1.000000
MARKER	0.058333	1.000000	1.000000	0.000000	1.000000	0.019289	0.622630	-0.782279	0.000000	-0.879330	0.382929	0.283098	0.000000	0.475823	0.682420	0.554883	0.000000	-0.150141	0.049692	-0.181260	1.000000
MARKER	0.058333	1.000000	1.000000	0.000000	1.000000	-0.638882	0.591033	0.492452	0.000000	-0.068793	-0.681453	0.728621	0.000000	0.766222	0.431626	0.476028	0.000000	-0.275662	0.146674	-0.077669	1.000000
MARKER	0.058333	1.000000	1.000000	0.000000	1.000000	0.252012	0.870591	-0.422565	0.000000	-0.636943	-0.179519	-0.749718	0.000000	-0.728556	0.458088	0.509276	0.000000	0.054647	-0.217122	-0.427404	1.000000
MARKER	0.058333	1.000000	1.000000	0.000000	1.000000	0.478751	0.580331	-0.658797	0.000000	-0.780320	-0.062635	-0.622236	0.000000	-0.402367	0.811969	0.422857	0.000000	-0.175881	0.252264	-0.132983	1.000000
MARKER	0.058333	1.000000	1.000000	0.000000	1.000000	0.872016	0.131450	0.471497	0.000000	-0.461983	0.539324	0.704060	0.000000	-0.161741	-0.831775	0.531027	0.000000	0.192920	0.166354	0.003119	1.000000
MARKER	0.058333	1.000000	1.000000	0.000000	1.000000	0.600846	-0.064653	0.796746	0.000000	-0.391502	-0.892798	0.222794	0.000000	0.696929	-0.445793	-0.561746	0.000000	-0.154870	0.388188	0.132467	1.000000
MARKER	0.058333	1.000000	1.000000	0.000000	1.000000	0.463839	0.694196	-0.550405	0.000000	-0.781534	0.028056	-0.623231	0.000000	-0.417202	0.719239	0.555552	0.000000	-0.155202	0.088003	-0.272136	1.000000
MARKER	0.058333	1.000000	1.000000	0.000000	1.000000	0.434828	0.674861	-0.596228	0.000000	-0.783633	-0.042635	-0.619760	0.000000	-0.443672	0.736712	0.510305	0.000000	-0.117636	0.117602	-0.212563	1.000000
MARKER	0.058333	1.000000	1.000000	0.000000	1.000000	0.720529	-0.653315	-0.232415	0.000000	-0.582292	-0.752052	0.308794	0.000000	-0.376528	-0.087161	-0.922296	0.000000	0.318956	0.181849	0.373265	1.000000
MARKER	0.058333	1.000000	1.000000	0.000000	1.000000	0.929367	0.016346	0.368795	0.000000	-0.311395	0.571265	0.759401	0.000000	-0.198267	-0.820603	0.536005	0.000000	0.163561	0.402840	0.317677	1.000000
MARKER	0.058333	1.000000	1.000000	0.000000	1.000000	0.956176	-0.242160	0.164581	0.000000	-0.190594	-0.941489	-0.277978	0.000000	0.222266	0.234428	-0.946383	0.000000	0.068049	0.024603	0.461087	1.000000
MARKER	0.058333	1.000000	1.000000	0.000000	1.000000	-0.905214	0.424884	-0.007805	0.000000	0.363632	0.783959	0.503170	0.000000	0.219908	0.452638	-0.864152	0.000000	-0.088975	-0.161002	0.304162	1.000000
MARKER	0.058333	1.000000	1.000000	0.000000	1.000000	0.758649	0.408192	0.507771	0.000000	0.019369	-0.793174	0.608687	0.000000	0.651212	-0.451944	-0.609647	0.000000	-0.431457	0.468285	0.224029	1.000000
MARKER	0.058333	1.000000	1.000000	0.000000	1.000000	0.450146	0.817777	-0.358622	0.000000	-0.514984	-0.090343	-0.852426	0.000000	-0.729493	0.568401	0.380474	0.000000	-0.347805	-0.309580	-0.360687	1.000000
MARKER	0.058333	1.000000	1.000000	0.000000	1.000000	-0.373738	0.911054	0.174069	0.000000	-0.858604	-0.410811	0.306647	0.000000	0.350882	-0.034851	0.935771	0.000000	-0.467783	-0.349214	-0.284831	1.000000
MARKER	0.058333	1.000000	1.000000	0.000000	1.000000	-0.161214	0.438320	-0.884243	0.000000	-0.927256	0.239526	0.287790	0.000000	0.337943	0.866316	0.367820	0.000000	-0.010929	-0.014868	-0.184881	1.000000
MARKER	0.058333	1.000000	1.000000	0.000000	1.000000	0.425866	0.641741	-0.637814	0.000000	-0.144148	0.744052	0.652387	0.000000	0.893230	-0.185890	0.409372	0.000000	-0.397331	0.051888	-0.374635	1.000000
MARKER	0.058333	1.000000	1.000000	0.000000	1.000000	-0.519703	0.489284	-0.700364	0.000000	-0.793063	-0.581163	0.182482	0.000000	-0.317741	0.650270	0.690065	0.000000	-0.169142	-0.075506	0.041661	1.000000
MARKER	0.058333	1.000000	1.000000	0.000000	1.000000	0.696906	-0.697989	-0.164719	0.000000	-0.640509	-0.709095	0.294842	0.000000	-0.322598	-0.099973	-0.941242	0.000000	0.421848	0.168196	0.291152	1.000000
MARKER	0.058333	1.000000	1.000000	0.000000	1.000000	0.110040	0.302543	0.946762	0.000000	-0.464217	-0.826626	0.318107	0.000000	0.878859	-0.474508	0.049483	0.000000	-0.305479	0.418223	0.054114	1.000000
