%YAML:1.0
---
camera_matrix: !!opencv-matrix
   rows: 3
   cols: 3
   dt: d
   data: [ 9.6066068476160899e+02, 0., 6.4368872027997145e+02, 0.,
       9.6238245241887125e+02, 3.5488945858467645e+02, 0., 0., 1. ]
dist_coefs: !!opencv-matrix
   rows: 1
   cols: 5
   dt: d
   data: [ -1.1430006352066623e-01, 9.1401598279079965e-01,
       6.6525461132503074e-04, -3.2387127871818822e-04,
       -1.8704951616258267e+00 ]
